  mu =     4.40000E+05  sigma =     2.20000E+03
  mu =     5.60000E-04  sigma =     6.16000E-05
